TimeStamp	Name	Time Stamp	Hub Wind Speed	Hub Turbulence	Hub Density	Shear Exponent	Actual Power	Profile Rotor Wind Speed	Profile Hub Wind Speed	Hub to Rotor Ratio	Hub to Rotor Deviation	Input Hub Wind Speed	Wind Speed Bin	Turbulence Bin	Base Power	Hub Power	Rotor Equivalent Wind Speed	REWS Power	Turbulence Power	Combined Power
2011-10-07 12:50:00	Dataset 1	2011-10-07 12:50:00	15.510001999999998	0.135484	1.128313	0.14961661428566286	1996.9100190000001	15.14644164101634	15.155525770272769	0.9994006061291356	-0.0005993938708643842	15.510001999999998	16.0	0.13	2000.0	2000.0	15.500705399864104	2000.0	2000.0	2000.0
2011-10-07 13:00:00	Dataset 1	2011-10-07 13:00:00	15.710131	0.12229300000000001	1.128232	0.11828668119446632	1987.7399440000002	14.865888404223298	14.898415775567168	0.9978167228090645	-0.002183277190935473	15.710131	16.0	0.13	2000.0	2000.0	15.675831429321093	2000.0	2000.0	2000.0
2011-10-07 13:10:00	Dataset 1	2011-10-07 13:10:00	16.67075	0.120648	1.128232	0.16316628639604952	1991.9000399999998	16.637036507982003	16.573769634482186	1.003817289300811	0.0038172893008110442	16.67075	17.0	0.13	2000.0	2000.0	16.734387075611497	2000.0	2000.0	2000.0
2011-10-07 13:20:00	Dataset 1	2011-10-07 13:20:00	15.209807999999999	0.157895	1.1289790000000002	0.1443842639868537	1987.700012	14.463670947919708	14.515697972827605	0.9964158096286319	-0.0035841903713681456	15.209807999999999	15.0	0.15000000000000002	2000.0	2000.0	15.155293152616041	2000.0	1993.4138506551726	1993.0442104922909
2011-10-07 13:30:00	Dataset 1	2011-10-07 13:30:00	15.439957000000001	0.136747	1.1289790000000002	0.15272742492790425	1991.030045	15.137451054893784	15.19810783344376	0.9960089256363546	-0.0039910743636454304	15.439957000000001	15.0	0.13	2000.0	2000.0	15.378334983441514	2000.0	2000.0	2000.0
2011-10-07 13:40:00	Dataset 1	2011-10-07 13:40:00	14.419298000000001	0.149202	1.129685	0.13320289818685824	1985.800049	14.002616490477944	14.026813714870931	0.9982749307943447	-0.001725069205655294	14.419298000000001	14.0	0.15000000000000002	2000.0	2000.0	14.394423713053035	2000.0	1991.8836584681294	1991.6530456443606
2011-10-07 13:50:00	Dataset 1	2011-10-07 13:50:00	15.11975	0.14030399999999998	1.1298059999999999	0.13917351885742446	1985.759995	14.430222103398162	14.375629771801885	1.0037975610434375	0.003797561043437536	15.11975	15.0	0.15000000000000002	2000.0	2000.0	15.177168173586514	2000.0	1998.9452613426665	1999.0872722574863
2011-10-07 14:00:00	Dataset 1	2011-10-07 14:00:00	15.03038	0.141522	1.130241	0.11707573058826029	1989.3099670000001	14.58466615411766	14.532624542434947	1.003581019486931	0.003581019486931014	15.03038	15.0	0.15000000000000002	2000.0	2000.0	15.084204083675978	2000.0	1998.3839213732458	1998.5179384972207
2011-10-07 14:10:00	Dataset 1	2011-10-07 14:10:00	15.662498999999999	0.149904	1.1305129999999999	0.1526610299646106	1988.300018	15.424082684044738	15.422633447538466	1.0000939681612224	9.396816122242413e-05	15.662498999999999	16.0	0.15000000000000002	2000.0	2000.0	15.663970776231176	2000.0	1997.8202195676986	1997.824515240005
2011-10-07 14:30:00	Dataset 1	2011-10-07 14:30:00	15.050448000000001	0.138	1.131069	0.1646850173636666	1992.320007	14.193636909311667	14.281301445117796	0.9938615863447027	-0.006138413655297326	15.050448000000001	15.0	0.13	2000.0	2000.0	14.95806212447846	2000.0	1999.3908976184866	1999.166802151075
2011-10-07 14:40:00	Dataset 1	2011-10-07 14:40:00	14.448429	0.130556	1.131653	0.10335610333211963	1962.4700010000001	14.321142395319974	14.425629920759347	0.9927568136702988	-0.007243186329701223	14.448429	14.0	0.13	2000.0	2000.0	14.343776336581541	2000.0	1999.9776853423823	1999.6406495921992
2011-10-07 14:50:00	Dataset 1	2011-10-07 14:50:00	13.926681	0.127522	1.132047	0.12310293503542832	1983.860016	13.434160626384179	13.483894509659654	0.9963116083977187	-0.0036883916022812935	13.926681	14.0	0.13	1999.93	1999.93	13.87531394675195	1999.88	1998.9201989500325	1998.5441421814157
2011-10-07 15:00:00	Dataset 1	2011-10-07 15:00:00	13.053755	0.126826	1.132522	0.1543218739155913	1896.39003	12.880848210717133	12.956586756126882	0.9941544369026099	-0.0058455630973901496	13.053755	13.0	0.13	1999.05	1999.05	12.977448451489629	1998.78	1988.396455200159	1986.5820739141082
2011-10-07 15:10:00	Dataset 1	2011-10-07 15:10:00	12.812948	0.11667999999999999	1.132835	0.13407699240267582	1937.4099879999999	12.580013305166915	12.494050437685843	1.0068803041823637	0.006880304182363739	12.812948	13.0	0.11	1996.91	1996.91	12.901104979712809	1997.9	1990.3221945935538	1992.956272325424
2011-10-07 15:20:00	Dataset 1	2011-10-07 15:20:00	13.384865	0.125937	1.132916	0.14932764729813805	1954.4500269999999	12.819570181181227	12.776790694839825	1.0033482184504032	0.0033482184504032286	13.384865	13.0	0.13	1999.38	1999.38	13.429680451949157	1999.43	1994.6233342282121	1995.1838529352408
2011-10-07 15:30:00	Dataset 1	2011-10-07 15:30:00	12.973486	0.15931900000000002	1.133148	0.1553733359628331	1972.539948	12.820688129032348	12.936954004060496	0.9910128864188853	-0.008987113581114703	12.973486	13.0	0.15000000000000002	1998.67	1998.67	12.856891807774998	1997.46	1951.107419626861	1945.056885995808
2011-10-07 15:40:00	Dataset 1	2011-10-07 15:40:00	12.180829	0.133443	1.133501	0.21464169089641438	1925.5899960000002	11.876405929229009	11.756542215171898	1.0101954904650814	0.010195490465081392	12.180829	12.0	0.13	1989.98	1989.98	12.305018525926286	1991.41	1945.1998407532524	1949.7893639906229
2011-10-07 15:50:00	Dataset 1	2011-10-07 15:50:00	12.692544	0.15415	1.1338139999999999	0.17187042551826084	1971.4700469999998	11.715087416828212	11.69385012485227	1.0018161077617034	0.0018161077617033783	12.692544	13.0	0.15000000000000002	1995.59	1995.59	12.715595027674162	1995.92	1942.5022410166216	1943.9264910371103
2011-10-07 16:00:00	Dataset 1	2011-10-07 16:00:00	13.063789	0.119816	1.134534	0.16979566162541582	1955.2000269999999	12.544679916237282	12.510954712546365	1.0026956538861975	0.0026956538861975243	13.063789	13.0	0.11	1999.06	1999.06	13.099004453586314	1999.1	1994.2884628980214	1994.8490394402006
2011-10-07 16:10:00	Dataset 1	2011-10-07 16:10:00	12.993553	0.10733599999999999	1.135023	0.18063662932217264	1973.7899929999999	13.04067643234698	12.885504911391136	1.0120423314431917	0.012042331443191667	12.993553	13.0	0.11	1998.89	1998.89	13.150025671850678	1999.15	1998.8900000000003	1999.15
2011-10-07 16:20:00	Dataset 1	2011-10-07 16:20:00	12.491871000000002	0.12931700000000002	1.13554	0.15272742492790425	1911.9300230000001	12.355407600940302	12.330703843078917	1.0020034345302398	0.002003434530239767	12.491871000000002	12.0	0.13	1993.39	1993.39	12.516897645708703	1993.72	1963.5466994177523	1964.9297743463221
2011-10-07 16:30:00	Dataset 1	2011-10-07 16:30:00	12.050392	0.121565	1.136016	0.17265537451774163	1944.3799589999999	11.442788816893746	11.379455452744901	1.005565588301817	0.0055655883018170815	12.050392	12.0	0.13	1988.55	1988.55	12.117459520747511	1989.32	1958.6115494867954	1960.4763374357515
2011-10-07 16:40:00	Dataset 1	2011-10-07 16:40:00	11.789517	0.123404	1.136534	0.18168465364034134	1956.449951	11.38816804881362	11.334033911256046	1.0047762463021936	0.004776246302193643	11.789517	12.0	0.13	1970.36	1970.36	11.845826636975898	1975.4	1932.9269763314796	1938.9093205387674
2011-10-07 16:50:00	Dataset 1	2011-10-07 16:50:00	11.468441	0.10936099999999999	1.136765	0.15628204181793479	1934.809937	10.754638022167283	10.706740630324463	1.0044735735642238	0.004473573564223843	11.468441	11.0	0.11	1943.48	1943.48	11.519745914480461	1947.68	1926.7341783289241	1931.172839900356
2011-10-07 17:00:00	Dataset 1	2011-10-07 17:00:00	10.625616	0.111426	1.137078	0.19687816294709987	1720.349945	10.452630795798676	10.479125094384349	0.9974717070034911	-0.0025282929965089185	10.625616	11.0	0.11	1805.21	1805.21	10.598751329483608	1797.2	1784.0839228845848	1776.34543683644
2011-10-07 17:10:00	Dataset 1	2011-10-07 17:10:00	10.756053999999999	0.115672	1.13735	0.1857942350704327	1792.560028	10.175871737335976	10.159403390251923	1.001620995490725	0.001620995490724919	10.756053999999999	11.0	0.11	1839.92	1839.92	10.773489515031992	1842.59	1810.277609171234	1812.6897555466583
2011-10-07 17:20:00	Dataset 1	2011-10-07 17:20:00	10.735986	0.107477	1.1376629999999999	0.172013357208744	1588.300034	10.524998978016226	10.412345534082347	1.0108192187404015	0.010819218740401482	10.735986	11.0	0.11	1834.58	1834.58	10.852140980927889	1863.95	1820.397960038561	1849.3981287908596
2011-10-07 17:30:00	Dataset 1	2011-10-07 17:30:00	11.157397999999999	0.116906	1.138099	0.20050643560280154	1715.89003	10.885509250277211	10.886745747250279	0.9998864218011723	-0.00011357819882773512	11.157397999999999	11.0	0.11	1917.44	1917.44	11.156130762831555	1917.44	1884.9919849590449	1884.9151400042929
2011-10-07 17:40:00	Dataset 1	2011-10-07 17:40:00	11.047029	0.105359	1.1384670000000001	0.23210634360355994	1601.820007	10.892721141008387	10.889435961643448	1.000301684988691	0.0003016849886909867	11.047029	11.0	0.11	1908.2	1908.2	11.050361722818934	1908.2	1897.6991871479865	1897.7949722440978
2011-10-07 17:50:00	Dataset 1	2011-10-07 17:50:00	10.846356	0.12025899999999999	1.1392719999999998	0.20327695251001524	1881.109985	10.383954951924023	10.254676180811476	1.0126068116470077	0.01260681164700772	10.846356	11.0	0.13	1863.95	1863.95	10.983093967148392	1898.66	1825.2020413183175	1859.5089178458118
2011-10-07 18:00:00	Dataset 1	2011-10-07 18:00:00	10.876457	0.119004	1.1399139999999999	0.20118619727963624	1806.059982	10.698317380884426	10.557955215016861	1.0132944460370437	0.013294446037043661	10.876457	11.0	0.11	1871.96	1871.96	11.021053470660727	1905.68	1835.3587885506877	1868.9388164214674
2011-10-07 18:10:00	Dataset 1	2011-10-07 18:10:00	11.127298	0.104599	1.1404729999999998	0.22580652907338966	1670.879974	10.961739967560757	11.033574782915055	0.9934894341346622	-0.006510565865337825	11.127298	11.0	0.11	1914.92	1914.92	11.054852993467758	1908.2	1906.0673601913315	1899.315944884684
2011-10-07 18:20:00	Dataset 1	2011-10-07 18:20:00	10.184136	0.11231500000000001	1.141347	0.20835866304649678	1461.350052	9.742045594443368	9.70719803153303	1.0035898683427635	0.003589868342763536	10.184136	10.0	0.11	1685.06	1685.06	10.220695707424799	1695.74	1667.3246330498991	1677.3404106462874
2011-10-07 18:30:00	Dataset 1	2011-10-07 18:30:00	9.762723	0.127441	1.142031	0.24953444637358188	1476.249939	9.235491832764495	9.20754116214375	1.0030356280931616	0.003035628093161602	9.762723	10.0	0.13	1545.56	1545.56	9.792358996204554	1556.99	1521.4736427139617	1531.7561883778803
2011-10-07 18:40:00	Dataset 1	2011-10-07 18:40:00	9.812892	0.122699	1.14255	0.20941186123804056	1574.3900449999999	9.779843463866634	9.697910652694986	1.0084485013428	0.008448501342799952	9.812892	10.0	0.13	1564.61	1564.61	9.895796231238752	1598.9	1543.0022653645278	1574.8706629158578
2011-10-07 18:50:00	Dataset 1	2011-10-07 18:50:00	9.97343	0.120724	1.142699	0.17187984513485596	1530.6300509999999	10.079674843826805	10.026458964614315	1.0053075447074884	0.005307544707488399	9.97343	10.0	0.13	1625.57	1625.57	10.026364425612007	1645.01	1601.4896154812877	1618.9157126401683
2011-10-07 19:00:00	Dataset 1	2011-10-07 19:00:00	9.784724	0.128966	1.14326	0.20870705589945684	1458.760025	9.727235476466733	9.673492281467238	1.0055557179802022	0.005555717980202157	9.784724	10.0	0.13	1553.18	1553.18	9.839085167058116	1576.04	1526.7118296567683	1547.339008164919
2011-10-07 19:10:00	Dataset 1	2011-10-07 19:10:00	9.243910000000001	0.12351	1.143986	0.2377483301728729	1093.840019	9.172926761758127	9.183085682810907	0.9988937355695379	-0.0011062644304621339	9.243910000000001	9.0	0.13	1347.44	1347.44	9.233683791168609	1343.63	1344.532123276213	1341.0002569540966
2011-10-07 19:20:00	Dataset 1	2011-10-07 19:20:00	9.692488	0.134576	1.144588	0.1265157811018828	1554.090012	9.166525609386285	9.058147968344775	1.0119646578329538	0.011964657832953751	9.692488	10.0	0.13	1518.89	1518.89	9.80845530247001	1564.61	1491.788958294541	1531.4320161461228
2011-10-07 19:30:00	Dataset 1	2011-10-07 19:30:00	9.534348	0.122899	1.1448770000000001	0.1361445925155958	1253.619972	9.669450828288696	9.611380507476841	1.006041829346646	0.006041829346645988	9.534348	10.0	0.13	1457.93	1457.93	9.591952903547535	1480.79	1445.776661841948	1466.7828422663556
2011-10-07 19:40:00	Dataset 1	2011-10-07 19:40:00	9.471748	0.13559300000000002	1.1454799999999998	0.24514574367208156	1217.420006	9.029305798246103	8.993441511441327	1.0039878267690017	0.003987826769001668	9.471748	9.0	0.13	1435.07	1435.07	9.509519690223637	1450.31	1418.1376560986278	1431.639757336407
2011-10-07 19:50:00	Dataset 1	2011-10-07 19:50:00	9.301177000000001	0.139159	1.145877	0.22903815612758374	1172.729973	9.235589420596199	9.289357788394497	0.9942118315363552	-0.005788168463644827	9.301177000000001	9.0	0.13	1370.3	1370.3	9.247340220613822	1351.25	1360.40799556361	1344.226142756127
2011-10-07 20:00:00	Dataset 1	2011-10-07 20:00:00	9.090471	0.14238399999999998	1.146191	0.18238336722022447	1169.769974	8.675890089749604	8.57931361052922	1.0112569004473573	0.011256900447357276	9.090471	9.0	0.15000000000000002	1290.29	1290.29	9.192801527066589	1328.39	1290.2997942315553	1323.1993878373883
2011-10-07 20:10:00	Dataset 1	2011-10-07 20:10:00	9.64232	0.112383	1.146464	0.18675202878616567	946.9799730000001	9.226391887815542	9.231076501482153	0.9994925170790363	-0.0005074829209636977	9.64232	10.0	0.11	1499.84	1499.84	9.637426687281533	1499.84	1491.6537597245413	1491.7218045489847
2011-10-07 20:20:00	Dataset 1	2011-10-07 20:20:00	9.75269	0.100823	1.1465459999999998	0.20077611011530716	1200.3900449999999	9.700600235273335	9.6967083547176	1.0004013609993583	0.00040136099935828007	9.75269	10.0	0.11	1541.75	1541.75	9.756604349404832	1545.56	1541.0635213830826	1544.8692325373297
2011-10-07 20:30:00	Dataset 1	2011-10-07 20:30:00	8.026905000000001	0.1825	1.147464	0.20566981379344632	872.2300029999999	7.752493514567647	7.6966190854475345	1.007259606913087	0.0072596069130870244	8.026905000000001	8.0	0.19	900.01	900.01	8.085177175028694	922.03	947.2035967679658	968.5840702416908
2011-10-07 20:40:00	Dataset 1	2011-10-07 20:40:00	8.548655	0.132629	1.1480270000000001	0.1547821897488707	966.9900210000001	8.601884000061826	8.489798838950021	1.0132023341469027	0.01320233414690275	8.548655	9.0	0.13	1090.85	1090.85	8.661517199816592	1131.22	1106.7373811356983	1145.0273027835938
2011-10-07 20:50:00	Dataset 1	2011-10-07 20:50:00	8.107174	0.12871300000000002	1.148359	0.18405418253352418	692.340024	7.895805590868912	7.805154614806477	1.01161424475698	0.01161424475698003	8.107174	8.0	0.13	929.37	929.37	8.201332703123425	962.4	946.009637071116	978.9712254269468
2011-10-07 21:00:00	Dataset 1	2011-10-07 21:00:00	7.555325	0.130146	1.149461	0.21851151414637468	966.199982	7.320512199792783	7.2212938123474455	1.0137396967944563	0.013739696794456302	7.555325	8.0	0.13	756.56	756.56	7.659132874683576	786.66	771.855627464843	802.6925588401389
2011-10-07 21:10:00	Dataset 1	2011-10-07 21:10:00	8.538621000000001	0.12691	1.1499840000000001	0.24286035911241674	1144.520058	8.160846325305197	8.180760409376145	0.997565741682384	-0.0024342583176160115	8.538621000000001	9.0	0.13	1087.18	1087.18	8.51783579080978	1079.84	1100.488516572192	1093.415766208279
2011-10-07 21:20:00	Dataset 1	2011-10-07 21:20:00	9.120571	0.137514	1.1503809999999999	0.24282749662350525	1098.889992	9.104463969147575	9.069344850173474	1.0038722884126994	0.003872288412699376	9.120571	9.0	0.13	1301.72	1301.72	9.155888481400503	1316.96	1301.0279517647984	1314.675780837661
2011-10-07 21:30:00	Dataset 1	2011-10-07 21:30:00	9.64232	0.134235	1.150548	0.2662916026671562	1272.740013	9.085985004604877	9.044922199662397	1.0045398737585618	0.0045398737585617965	9.64232	10.0	0.13	1499.84	1499.84	9.686094915539655	1518.89	1475.3315531277742	1492.7244300847253
2011-10-07 21:40:00	Dataset 1	2011-10-07 21:40:00	9.652353999999999	0.090437	1.1514030000000002	0.15539680484547028	1472.210052	9.488628195976915	9.336695142375866	1.016272680138337	0.016272680138337048	9.652353999999999	10.0	0.09	1503.65	1503.65	9.809423669223998	1564.61	1509.5145881513783	1572.8217731004418
2011-10-07 21:50:00	Dataset 1	2011-10-07 21:50:00	9.441647	0.126461	1.152051	0.2844489025723102	1091.400024	9.110767352053939	8.9766808571491	1.0149372019612406	0.014937201961240598	9.441647	9.0	0.13	1423.64	1423.64	9.58267878808574	1476.98	1412.887495506013	1460.8073964281064
2011-10-07 22:00:00	Dataset 1	2011-10-07 22:00:00	9.99504	0.087174	1.152533	0.2594621075327918	1411.9300380000002	9.828077105650504	9.843503860598446	0.9984327984052821	-0.001567201594717904	9.99504	10.0	0.09	1637.0	1637.0	9.97937575737273	1629.38	1651.161589424107	1643.7829931908173
2011-10-07 22:10:00	Dataset 1	2011-10-07 22:10:00	10.043666	0.080919	1.152783	0.20382885783551324	1368.790009	9.954330284683905	9.994986152096763	0.9959323738128113	-0.0040676261871887	10.043666	10.0	0.09	1647.68	1647.68	10.002812121163023	1637.0	1670.8487473835437	1659.7153231723419
2011-10-07 22:20:00	Dataset 1	2011-10-07 22:20:00	10.025086	0.073926	1.153348	0.2658164555845443	1395.360016	9.722162756177768	9.70054308738673	1.0022287070524072	0.002228707052407186	10.025086	10.0	0.06999999999999999	1645.01	1645.01	10.047428979869188	1650.35	1675.6431442758153	1681.257734338243
2011-10-07 22:30:00	Dataset 1	2011-10-07 22:30:00	9.782791	0.082051	1.154039	0.2555327436860182	1458.84996	9.637218278374002	9.576432305233553	1.0063474550023426	0.006347455002342572	9.782791	10.0	0.09	1553.18	1553.18	9.844886825669821	1576.04	1566.9638252802154	1592.0827913481
2011-10-07 22:40:00	Dataset 1	2011-10-07 22:40:00	9.361378	0.114684	1.154731	0.2514778678003007	1323.790039	9.11812497199554	9.069009621226277	1.0054157347737627	0.00541573477376267	9.361378	9.0	0.11	1393.16	1393.16	9.412076740364936	1412.21	1389.5321070431387	1407.380211783
2011-10-07 22:50:00	Dataset 1	2011-10-07 22:50:00	10.103867	0.114201	1.155149	0.2553657473491346	1492.779984	9.584437832743284	9.502306406415721	1.0086433148769134	0.008643314876913388	10.103867	10.0	0.11	1663.7	1663.7	10.191197903955453	1687.73	1644.650042887297	1667.1422608535145
2011-10-07 23:00:00	Dataset 1	2011-10-07 23:00:00	9.802859	0.11565999999999999	1.155799	0.21507083525082374	1416.7999730000001	9.445244260114801	9.444950720109341	1.000031079040448	3.107904044807874e-05	9.802859	10.0	0.11	1560.8	1560.8	9.803163663451368	1560.8	1546.7382706041087	1546.5779140549587
2011-10-07 23:10:00	Dataset 1	2011-10-07 23:10:00	9.491816	0.117336	1.156408	0.26272532585458597	1328.629997	9.03191260719024	9.121974088293435	0.9901269746842655	-0.00987302531573453	9.491816	9.0	0.11	1442.69	1442.69	9.398103060339706	1408.4	1434.9128179619574	1402.9495372001434
2011-10-07 23:20:00	Dataset 1	2011-10-07 23:20:00	9.160706	0.10843399999999999	1.156534	0.21703440055575143	1198.079994	8.822596503062956	8.77194379808529	1.0057743991689414	0.005774399168941402	9.160706	9.0	0.11	1316.96	1316.96	9.213603573113316	1336.01	1317.4141128362871	1334.5211114276274
2011-10-07 23:30:00	Dataset 1	2011-10-07 23:30:00	8.829596	0.1	1.157059	0.19223525710964667	959.529999	8.298463219027697	8.16664404766858	1.0161411677293257	0.016141167729325723	8.829596	9.0	0.11	1193.61	1193.61	8.972115990018183	1244.99	1193.6100000000001	1244.9900000000002
2011-10-07 23:40:00	Dataset 1	2011-10-07 23:40:00	8.137275	0.115906	1.1577110000000002	0.2943291987985503	931.039982	7.995342494941411	7.986634839654398	1.0010902783790463	0.0010902783790462944	8.137275	8.0	0.11	940.38	940.38	8.146146894996855	944.05	949.4452081540835	953.1526903982838
2011-10-07 23:50:00	Dataset 1	2011-10-07 23:50:00	7.8563339999999995	0.11111099999999999	1.158405	0.20185864484428725	741.249998	7.535707102735018	7.487748299101537	1.0064049700547808	0.006404970054780801	7.8563339999999995	8.0	0.11	846.86	846.86	7.906653584010356	861.91	852.8306213589112	867.9404787626529
2011-10-08 00:00:00	Dataset 1	2011-10-08 00:00:00	8.538621000000001	0.141011	1.159141	0.32273773052970733	1023.480019	8.547914083977473	8.40190898025007	1.017377610739489	0.017377610739488958	8.538621000000001	9.0	0.15000000000000002	1087.18	1087.18	8.687001831990028	1142.23	1106.3457570562991	1157.7416903558687
2011-10-08 00:10:00	Dataset 1	2011-10-08 00:10:00	9.20084	0.134133	1.159267	0.26959757558684955	1317.400017	9.223740332989177	9.207881482980648	1.001722312568623	0.0017223125686229857	9.20084	9.0	0.13	1332.2	1332.2	9.216686722373888	1339.82	1328.9180993979805	1335.4465290006015
2011-10-08 00:20:00	Dataset 1	2011-10-08 00:20:00	9.97343	0.11066400000000001	1.159836	0.21942335102148694	1310.259979	9.886865133402077	9.886450934490131	1.0000418956119532	4.189561195322433e-05	9.97343	10.0	0.11	1625.57	1625.57	9.973847842953123	1625.57	1613.5402655535877	1613.379020162516
2011-10-08 00:30:00	Dataset 1	2011-10-08 00:30:00	8.749327000000001	0.113532	1.1604889999999999	0.2302830220306775	1088.6000060000001	8.623229341568651	8.660791668789003	0.9956629452991329	-0.0043370547008670934	8.749327000000001	9.0	0.11	1164.25	1164.25	8.711380690205228	1149.57	1169.6752113877199	1155.4686766050734
2011-10-08 00:40:00	Dataset 1	2011-10-08 00:40:00	7.645627	0.098425	1.161227	0.23705998983563067	838.700005	7.6653220995203295	7.609552063379034	1.0073289512545276	0.007328951254527594	7.645627	8.0	0.09	783.65	783.65	7.7016614275933	798.7	782.9543210345728	797.947729955789
2011-10-08 00:50:00	Dataset 1	2011-10-08 00:50:00	8.162282000000001	0.105521	1.161227	0.2762574248090665	871.9599720000001	8.031135614658796	7.984832538926052	1.0057988787500571	0.005798878750057135	8.162282000000001	8.0	0.11	947.72	947.72	8.209614083641775	966.07	950.893504614271	969.4111027074177
2011-10-08 01:00:00	Dataset 1	2011-10-08 01:00:00	8.137275	0.090012	1.161649	0.25091362412015533	932.2400210000001	7.919072613591234	7.8780976049245455	1.0052011298566643	0.005201129856664322	8.137275	8.0	0.09	940.38	940.38	8.179598023954389	955.06	934.9116839995895	949.6017195770631
2011-10-08 01:10:00	Dataset 1	2011-10-08 01:10:00	8.859697	0.07814299999999999	1.162218	0.28445090199855977	1118.6499939999999	8.765206431237372	8.750797142420826	1.0016466258538546	0.0016466258538545553	8.859697	9.0	0.06999999999999999	1204.62	1204.62	8.874285606137517	1208.29	1195.441374785349	1199.3906488837408
2011-10-08 01:20:00	Dataset 1	2011-10-08 01:20:00	8.478419	0.12307699999999999	1.162577	0.2874418296681658	868.26997	8.426123851667612	8.3778241567786	1.0057651836545092	0.005765183654509176	8.478419	8.0	0.13	1065.16	1065.16	8.52729864263488	1083.51	1077.2229135046484	1095.0783620362804
2011-10-08 01:30:00	Dataset 1	2011-10-08 01:30:00	8.388116	0.10526300000000001	1.162788	0.32666817109126517	807.760021	7.949941504746656	7.947398522485937	1.0003199766884125	0.0003199766884125488	8.388116	8.0	0.11	1032.13	1032.13	8.3908000015797	1032.13	1035.0846763306329	1035.05828066554
2011-10-08 01:40:00	Dataset 1	2011-10-08 01:40:00	8.769394	0.080092	1.163063	0.2600543601012294	964.260025	8.411966721262877	8.362981637116063	1.0058573707646818	0.005857370764681846	8.769394	9.0	0.09	1171.59	1171.59	8.820759592039577	1189.94	1162.3354666904754	1181.1295238395007
2011-10-08 01:50:00	Dataset 1	2011-10-08 01:50:00	8.277746	0.084848	1.1634639999999998	0.30773169007339307	860.569992	8.201198142369003	8.109280038986164	1.0113349277544905	0.01133492775449052	8.277746	8.0	0.09	991.76	991.76	8.371573652880024	1024.79	983.4613969995577	1016.3820037911805
2011-10-08 02:00:00	Dataset 1	2011-10-08 02:00:00	7.911906	0.10506300000000002	1.163633	0.26605350225487445	774.459999	7.7509420875404205	7.702881401312893	1.0062393127614995	0.0062393127614994714	7.911906	8.0	0.11	861.91	861.91	7.961270856073584	876.96	864.6367008890028	879.6259790008233
2011-10-08 02:10:00	Dataset 1	2011-10-08 02:10:00	8.212358	0.12073199999999999	1.16395	0.33375096207218446	878.8500019999999	7.891001492782651	7.785884561501263	1.0135009619589224	0.013500961958922364	8.212358	8.0	0.13	966.07	966.07	8.323232732951052	1006.44	977.986656373906	1018.1803182664462
2011-10-08 02:20:00	Dataset 1	2011-10-08 02:20:00	9.123728999999999	0.093304	1.163738	0.35218879771778905	1116.689987	8.78699375531966	8.768980167881088	1.0020542397284182	0.002054239728418228	9.123728999999999	9.0	0.09	1301.72	1301.72	9.14247132658312	1309.34	1300.8732367198963	1308.4091120768283
2011-10-08 02:30:00	Dataset 1	2011-10-08 02:30:00	8.302493	0.09288300000000001	1.1640549999999998	0.30823608381782464	891.8300130000001	8.0748369637733	7.997793870030865	1.0096330431859628	0.009633043185962809	8.302493	8.0	0.09	999.1	999.1	8.382471273620155	1028.46	995.221759669557	1024.4731342036323
2011-10-08 02:40:00	Dataset 1	2011-10-08 02:40:00	6.8803529999999995	0.187773	1.165218	0.2795794311780605	664.280017	6.699338133517976	6.606547292731627	1.014045285180723	0.0140452851807229	6.8803529999999995	7.0	0.19	560.88	560.88	6.976989520029042	583.48	602.5667762916958	626.7828680474223
2011-10-08 02:50:00	Dataset 1	2011-10-08 02:50:00	8.322524000000001	0.152828	1.1647100000000001	0.19580871966963848	886.5800289999999	7.981157560486571	7.902494344784276	1.0099542261304133	0.009954226130413302	8.322524000000001	8.0	0.15000000000000002	1006.44	1006.44	8.405368285871793	1039.47	1034.7617358945886	1066.202177116018
2011-10-08 03:00:00	Dataset 1	2011-10-08 03:00:00	8.347980999999999	0.144231	1.1661290000000002	0.17573674030040662	993.7000199999999	8.40493613623125	8.336652374131639	1.0081907891843365	0.008190789184336467	8.347980999999999	8.0	0.15000000000000002	1017.45	1017.45	8.416357552485845	1043.14	1041.3614961785465	1065.9130840142382
2011-10-08 03:10:00	Dataset 1	2011-10-08 03:10:00	9.180773	0.114754	1.166469	0.24882978717984638	1155.500046	8.951242608749567	8.811551423529735	1.0158531884461128	0.01585318844611283	9.180773	9.0	0.11	1324.58	1324.58	9.326317524449985	1381.73	1324.4545601052366	1378.5938981356537
2011-10-08 03:20:00	Dataset 1	2011-10-08 03:20:00	9.043608	0.097453	1.167083	0.2560992425376093	1284.089958	9.12283457582305	9.029005809344014	1.0103919266927412	0.010391926692741249	9.043608	9.0	0.09	1271.24	1271.24	9.13758851137389	1309.34	1270.7341571957293	1309.0168520610139
2011-10-08 03:30:00	Dataset 1	2011-10-08 03:30:00	9.451680999999999	0.10828	1.1669129999999999	0.2546588877334712	1246.009995	8.891657419184954	8.938997105487523	0.9947041389829393	-0.005295861017060699	9.451680999999999	9.0	0.11	1427.45	1427.45	9.401626211046406	1408.4	1424.4621933444866	1406.158358509256
2011-10-08 03:40:00	Dataset 1	2011-10-08 03:40:00	9.582119	0.081675	1.167253	0.3234353922049669	1373.549988	9.171110304048	9.104562802152484	1.0073092473896477	0.007309247389647666	9.582119	10.0	0.09	1476.98	1476.98	9.652157078288043	1503.65	1485.4062905288083	1514.180378602138
2011-10-08 03:50:00	Dataset 1	2011-10-08 03:50:00	10.043666	0.076923	1.1675280000000001	0.26346448446097304	1525.549957	9.719010382529982	9.780852515747247	0.9936772246470643	-0.006322775352935683	10.043666	10.0	0.06999999999999999	1647.68	1647.68	9.980162156162082	1629.38	1675.4600260882341	1655.0200040229677
2011-10-08 04:00:00	Dataset 1	2011-10-08 04:00:00	9.321244	0.09149600000000001	1.168654	0.16495822320474196	1215.620003	9.10880675807555	9.06668453611393	1.0046458241481593	0.004645824148159283	9.321244	9.0	0.09	1377.92	1377.92	9.364548860466085	1393.16	1378.928178065926	1394.4608061180575
2011-10-08 04:10:00	Dataset 1	2011-10-08 04:10:00	9.784724	0.10849500000000001	1.168995	0.27362515016018835	1288.400055	9.400519028214289	9.351175949642807	1.0052766709595884	0.005276670959588392	9.784724	10.0	0.11	1553.18	1553.18	9.836354768978389	1576.04	1545.7539545331688	1568.1819099738568
2011-10-08 04:20:00	Dataset 1	2011-10-08 04:20:00	9.652353999999999	0.15904400000000002	1.169525	0.22872380614604193	1590.299957	9.475356824745008	9.36347006613664	1.0119492835260946	0.01194928352609459	9.652353999999999	10.0	0.15000000000000002	1503.65	1503.65	9.767692714640232	1549.37	1458.2233135869176	1494.8640200545108
2011-10-08 04:30:00	Dataset 1	2011-10-08 04:30:00	9.684573	0.104447	1.1698	0.31228073951543656	1455.8699490000001	9.301224837255468	9.331991152985315	0.9967031349231396	-0.0032968650768604446	9.684573	10.0	0.11	1515.08	1515.08	9.652644269491995	1503.65	1511.9249675787548	1500.6853823298034
2011-10-08 04:40:00	Dataset 1	2011-10-08 04:40:00	9.985026	0.090271	1.169757	0.24829049102229736	1723.289978	9.845507300355207	9.842029514460634	1.000353360644719	0.0003533606447190252	9.985026	10.0	0.09	1633.19	1633.19	9.988554315224896	1633.19	1643.7464751864134	1643.8152416930839
2011-10-08 04:50:00	Dataset 1	2011-10-08 04:50:00	11.054163	0.12876700000000002	1.170013	0.2181456786543462	1790.200043	10.717368851721103	10.675279527553048	1.003942690592731	0.003942690592730891	11.054163	11.0	0.13	1908.2	1908.2	11.097746144470614	1912.4	1852.8038616015076	1857.0585810830964
2011-10-08 05:00:00	Dataset 1	2011-10-08 05:00:00	9.964995	0.130653	1.170801	0.21942335102148694	1475.940002	9.78385451287918	9.723782153165928	1.006177880043692	0.006177880043692019	9.964995	10.0	0.13	1621.76	1621.76	10.02655754374599	1645.01	1585.793096115124	1606.6288196313872
2011-10-08 05:10:00	Dataset 1	2011-10-08 05:10:00	10.325538	0.084384	1.17099	0.18482332327164605	1562.009995	9.962189359031893	9.925253938876384	1.0037213576985506	0.0037213576985506425	10.325538	10.0	0.09	1725.11	1725.11	10.363963020327978	1733.12	1749.9912308843857	1758.8256864579944
2011-10-08 05:20:00	Dataset 1	2011-10-08 05:20:00	10.093834	0.093439	1.1718389999999999	0.2309585117850203	1479.789978	9.759066189647205	9.748171707065739	1.0011175923966922	0.0011175923966921797	10.093834	10.0	0.09	1661.03	1661.03	10.105114792131872	1666.37	1669.6284467158894	1675.0749470921867
2011-10-08 05:30:00	Dataset 1	2011-10-08 05:30:00	8.327914999999999	0.122892	1.1724569999999999	0.20943663400818116	881.11002	8.178584922244495	8.190761098583035	0.9985134255300588	-0.0014865744699411598	8.327914999999999	8.0	0.13	1010.11	1010.11	8.31553493417316	1006.44	1023.0164106181495	1019.3576055650087
2011-10-08 05:40:00	Dataset 1	2011-10-08 05:40:00	7.444955	0.13881400000000002	1.172774	0.26536463233464924	595.909985	6.993769591908516	6.965098254569035	1.0041164297030085	0.004116429703008517	7.444955	7.0	0.13	720.44	720.44	7.475601633899562	732.48	739.9483698139817	752.2712889053984
2011-10-08 05:50:00	Dataset 1	2011-10-08 05:50:00	7.063677	0.11221600000000001	1.172835	0.21006750832999413	481.019997	6.940572455963826	6.906569349025979	1.0049232991402082	0.0049232991402081705	7.063677	7.0	0.11	606.06	606.06	7.098453594900809	618.1	610.6747342083348	622.9052598623849
2011-10-08 06:20:00	Dataset 1	2011-10-08 06:20:00	7.224214999999999	0.130556	1.173557	0.15193326462558748	575.589985	7.130675441853005	7.046578989034383	1.0119343660164017	0.011934366016401743	7.224214999999999	7.0	0.13	654.22	654.22	7.310431425991179	681.31	667.7771166025865	695.3695867294286
2011-10-08 06:30:00	Dataset 1	2011-10-08 06:30:00	7.585425999999999	0.128307	1.173856	0.2189081141422991	730.120014	7.8710164311328	7.873955374603479	0.9996267513173672	-0.00037324868263277633	7.585425999999999	8.0	0.13	765.59	765.59	7.58259474973829	762.58	780.0281707342398	776.9936641248828
2011-10-08 07:00:00	Dataset 1	2011-10-08 07:00:00	9.140638000000001	0.154775	1.173721	0.1665302308194974	982.400002	8.93842581773064	8.972279908881964	0.9962268128619336	-0.003773187138066403	9.140638000000001	9.0	0.15000000000000002	1309.34	1309.34	9.10614866226468	1297.91	1304.1458375130949	1294.9059303023691
2011-10-08 07:10:00	Dataset 1	2011-10-08 07:10:00	7.434921000000001	0.1417	1.174185	0.21672259466142038	810.900002	7.474734783930421	7.462687788839422	1.0016142970779263	0.0016142970779262633	7.434921000000001	7.0	0.15000000000000002	717.43	717.43	7.446923171244913	723.45	738.5691389023777	744.6761595143747
2011-10-08 11:00:00	Dataset 1	2011-10-08 11:00:00	9.944965	0.140987	1.1703459999999999	0.16782566823524794	1365.599976	9.516925018903699	9.546910275325198	0.9968591664154425	-0.003140833584557523	9.944965	10.0	0.15000000000000002	1614.14	1614.14	9.913729519930751	1602.71	1566.8807150935443	1556.9469456660668
2011-10-08 11:10:00	Dataset 1	2011-10-08 11:10:00	10.435704	0.09980800000000001	1.169881	0.18420423252323018	1531.949951	10.1535165345272	10.279823868477381	0.9877130838459696	-0.012286916154030436	10.435704	10.0	0.09	1754.48	1754.48	10.30748137994372	1719.77	1754.7493753361618	1719.9254175266408
2011-10-08 11:20:00	Dataset 1	2011-10-08 11:20:00	9.620655000000001	0.149003	1.169434	0.10985545920083647	1181.1300199999998	9.381019351679464	9.3898126250003	0.9990635304801053	-0.0009364695198946782	9.620655000000001	10.0	0.15000000000000002	1492.22	1492.22	9.61164554983108	1488.41	1457.384504226675	1454.0276344071567
2011-10-08 11:30:00	Dataset 1	2011-10-08 11:30:00	8.550572	0.11688299999999999	1.169453	0.08117783326882808	859.529984	8.205262449246613	8.242817635024014	0.9954438897667919	-0.004556110233208122	8.550572	9.0	0.11	1090.85	1090.85	8.511614651411017	1076.17	1099.2097937220483	1084.9943403385143
2011-10-08 11:40:00	Dataset 1	2011-10-08 11:40:00	8.749327000000001	0.177752	1.1689459999999998	0.09934969753747948	1213.670059	8.530791398916218	8.57425756440617	0.9949306205040551	-0.005069379495944881	8.749327000000001	9.0	0.17	1164.25	1164.25	8.704973341102884	1145.9	1182.637296321642	1167.0410052755738
2011-10-08 11:50:00	Dataset 1	2011-10-08 11:50:00	10.335552999999999	0.10755799999999999	1.169961	0.11435006111137427	1548.389954	10.050989007650633	10.05561128219825	0.999540328835523	-0.0004596711644769824	10.335552999999999	10.0	0.11	1727.78	1727.78	10.330802044316975	1725.11	1715.5887879617592	1713.1106422463797
2011-10-08 12:00:00	Dataset 1	2011-10-08 12:00:00	9.724634	0.136972	1.170656	0.07244334512736124	1550.3199769999999	9.574635900067266	9.572714251289137	1.000200742310664	0.00020074231066402604	9.724634	10.0	0.13	1530.32	1530.32	9.726586145499523	1534.13	1499.3553942173046	1503.0264121706452
2011-10-08 12:10:00	Dataset 1	2011-10-08 12:10:00	10.165296000000001	0.118227	1.170614	0.05460040999863706	1652.999969	10.10050317788119	10.149643157126501	0.9951584525204901	-0.004841547479509933	10.165296000000001	10.0	0.11	1682.39	1682.39	10.11608023677273	1669.04	1656.2653096297324	1644.6452035673024
2011-10-08 12:20:00	Dataset 1	2011-10-08 12:20:00	9.784724	0.10030700000000001	1.170633	0.12353906032709962	1199.399963	9.482560927864997	9.584161957709343	0.9893990700185716	-0.010600929981428364	9.784724	10.0	0.11	1553.18	1553.18	9.6809968259884	1515.08	1552.8723305813237	1514.9396554593675
2011-10-08 12:30:00	Dataset 1	2011-10-08 12:30:00	10.435704	0.100768	1.170252	0.07263651977889683	1423.730026	10.177743324060705	10.194259391826305	0.9983798658508883	-0.0016201341491116628	10.435704	10.0	0.11	1754.48	1754.48	10.418796759579578	1749.14	1753.144730667154	1747.7801601135925
2011-10-08 12:40:00	Dataset 1	2011-10-08 12:40:00	10.906412	0.104683	1.170336	0.12514943942664056	1680.1099550000001	10.21634194735273	10.2241668596809	0.9992346650406276	-0.0007653349593723657	10.906412	11.0	0.11	1879.97	1879.97	10.89806494161508	1877.3	1870.9240743416758	1868.2301691703055
2011-10-08 12:50:00	Dataset 1	2011-10-08 12:50:00	9.013564	0.195556	1.170651	0.12703842868552281	1074.100014	9.001161430765833	9.059937508563749	0.9935125294471007	-0.006487470552899333	9.013564	9.0	0.19	1259.81	1259.81	8.955088768973328	1241.32	1254.3512346692808	1241.5345513182167
2011-10-08 13:00:00	Dataset 1	2011-10-08 13:00:00	8.823278	0.148695	1.170755	0.07187269567394138	1261.109962	8.69956431995902	8.704154033323237	0.9994726985130725	-0.0005273014869274784	8.823278	9.0	0.15000000000000002	1189.94	1189.94	8.818625472391025	1189.94	1202.1463074911667	1202.5623086996932
2011-10-08 13:10:00	Dataset 1	2011-10-08 13:10:00	10.175312	0.09350399999999999	1.1707969999999999	0.1430437038379121	1557.789948	9.828489454553825	9.934164717147919	0.9893624410704926	-0.010637558929507351	10.175312	10.0	0.09	1685.06	1685.06	10.067071518973876	1655.69	1694.2941424426629	1663.9460677801144
2011-10-08 13:20:00	Dataset 1	2011-10-08 13:20:00	8.520286	0.136256	1.170097	0.1622634985133662	1076.009995	8.149948055512102	8.254257118398781	0.9873629981001956	-0.012637001899804434	8.520286	9.0	0.13	1079.84	1079.84	8.412615129631122	1039.47	1097.4740798209054	1058.7554484881648
2011-10-08 13:30:00	Dataset 1	2011-10-08 13:30:00	9.842748	0.117949	1.170139	0.16102557840572512	1350.159988	9.525710491311578	9.58560826036312	0.993751281355903	-0.00624871864409704	9.842748	10.0	0.11	1576.04	1576.04	9.781243437063251	1553.18	1558.4843072177082	1537.3261097311088
2011-10-08 13:40:00	Dataset 1	2011-10-08 13:40:00	8.520286	0.123223	1.170707	0.09609561061923802	874.61998	8.33257533757537	8.35569515994588	0.99723304621244	-0.002766953787559978	8.520286	9.0	0.13	1079.84	1079.84	8.496710762381205	1072.5	1092.032098219348	1084.6379722707002
2011-10-08 13:50:00	Dataset 1	2011-10-08 13:50:00	8.116482000000001	0.119403	1.1710639999999999	0.13138057146348783	942.080009	7.799527660544668	7.781240024322436	1.002350221322703	0.0023502213227029056	8.116482000000001	8.0	0.11	933.04	933.04	8.135557529061735	940.38	944.1932107892349	951.6384479900953
2011-10-08 14:00:00	Dataset 1	2011-10-08 14:00:00	9.146185000000001	0.102649	1.1708100000000001	0.1709420856485239	1006.290024	8.77308688248911	8.887131755915307	0.9871674150267562	-0.012832584973243799	9.146185000000001	9.0	0.11	1313.15	1313.15	9.028815803806493	1267.43	1313.47373473856	1267.9697322356656
2011-10-08 15:50:00	Dataset 1	2011-10-08 15:50:00	8.560667	0.130896	1.174497	0.2346500985247254	1083.679977	8.434920672227358	8.509590635618142	0.9912251991208317	-0.008774800879168265	8.560667	9.0	0.13	1094.52	1094.52	8.485548851682134	1068.83	1109.2306677267513	1084.6578331396577
2011-10-08 16:00:00	Dataset 1	2011-10-08 16:00:00	8.671714	0.087311	1.1751340000000001	0.2231842000639261	1091.029984	8.53797311615126	8.573727830766002	0.9958297352889558	-0.004170264711044203	8.671714	9.0	0.09	1134.89	1134.89	8.635550657121533	1123.88	1128.509661082517	1117.3144468822873
2011-10-08 20:10:00	Dataset 1	2011-10-08 20:10:00	3.216113	0.21943600000000002	1.1896209999999998	0.6655951513869676	20.29	3.2549637793319297	3.158292764790247	1.030608629959643	0.030608629959643086	3.216113	3.0	0.21000000000000002	20.02	20.02	3.3145538127253977	28.21	32.89589006692583	40.492358328928105
2011-10-08 21:20:00	Dataset 1	2011-10-08 21:20:00	3.7329230000000004	0.084011	1.1888100000000001	0.33252892188872035	41.679998	3.7036112785780952	3.7269704104621217	0.9937324074753977	-0.0062675925246022945	3.7329230000000004	4.0	0.09	66.43	66.43	3.7095265597102847	64.61	66.08265042002711	64.22392595872476
2011-10-08 21:30:00	Dataset 1	2011-10-08 21:30:00	3.42976	0.094118	1.189722	0.2786229955147802	7.8	3.349099343563228	3.3640156268077157	0.9955659292645312	-0.004434070735468754	3.42976	3.0	0.09	39.13	39.13	3.4145522015543186	37.31	38.79288434476533	36.95536611212985
2011-10-08 21:40:00	Dataset 1	2011-10-08 21:40:00	3.399497	0.11275999999999999	1.190605	0.2221836866522115	1.35	3.2647846209398588	3.2450828907809184	1.0060712563660275	0.0060712563660274554	3.399497	3.0	0.11	36.4	36.4	3.4201362178025416	38.22	37.27773398125117	39.07075496973099
2011-10-08 21:50:00	Dataset 1	2011-10-08 21:50:00	3.853436	0.036649	1.189765	0.22900216020111208	41.679998	3.7762911840012006	3.765507533285442	1.002863797408566	0.0028637974085659046	3.853436	4.0	0.03	77.35	77.35	3.8644714600308743	78.26	76.55533186964423	77.43981017608316
2011-10-08 22:00:00	Dataset 1	2011-10-08 22:00:00	4.357812	0.050926	1.189461	0.3103886828139959	98.25	4.228112375254006	4.2725974799063335	0.9895882762507966	-0.010411723749203405	4.357812	4.0	0.05	130.24	130.24	4.312439665305036	124.79	129.07051359061523	123.76967278717763
2011-10-08 22:10:00	Dataset 1	2011-10-08 22:10:00	4.089716	0.049505	1.189635	0.2689810426036746	58.699996999999996	3.9839747389288602	4.0440538285044605	0.9851438452297213	-0.014856154770278684	4.089716	4.0	0.05	100.81	100.81	4.028958546137515	94.27	100.04900462481919	93.57613868050055
2011-10-08 22:20:00	Dataset 1	2011-10-08 22:20:00	3.947993	0.028205	1.1899389999999999	0.29293164812395084	41.23	3.836956690689887	3.8569750096621753	0.9948098395965387	-0.005190160403461319	3.947993	4.0	0.03	86.45	86.45	3.9275022830582573	84.63	85.44704156538602	83.6815576111425
2011-10-08 22:30:00	Dataset 1	2011-10-08 22:30:00	3.651685	0.044199	1.1902	0.49023202512272596	5.79	3.512116707015631	3.5884274520045776	0.9787342098984564	-0.021265790101543613	3.651685	4.0	0.05	59.15	59.15	3.5740290332730447	51.87	58.40769489663502	50.98156887047044
2011-10-08 22:40:00	Dataset 1	2011-10-08 22:40:00	3.853436	0.049738	1.190548	0.5378870497998951	17.42	3.713015103762463	3.8442433714314785	0.965863694103178	-0.03413630589682204	3.853436	4.0	0.05	77.35	77.35	3.7218939299501734	65.52	76.66344789172418	64.841779706872
2011-10-08 22:50:00	Dataset 1	2011-10-08 22:50:00	4.035011	0.03	1.190635	0.22637810405609513	60.230003	3.959773295204488	3.995687908399583	0.9910116570617048	-0.008988342938295202	4.035011	4.0	0.03	95.36	95.36	3.9987429373722065	91.0	94.35446291176251	89.81324462769065
2011-10-08 23:00:00	Dataset 1	2011-10-08 23:00:00	3.743039	0.048649	1.190795	0.39458174293858134	25.17	3.5942503472946523	3.6613427446443625	0.9816754666173088	-0.018324533382691244	3.743039	4.0	0.05	67.34	67.34	3.6744495568917848	60.97	66.64887067910935	60.26280727256217
2011-10-08 23:10:00	Dataset 1	2011-10-08 23:10:00	3.627189	0.029973000000000003	1.190882	0.26008524911731973	20.810001	3.576911697317472	3.5925571550167064	0.9956450358270886	-0.004354964172911369	3.627189	4.0	0.03	57.33	57.33	3.611392721856622	55.51	56.55393694632723	54.712082226289134
2011-10-08 23:20:00	Dataset 1	2011-10-08 23:20:00	3.666722	0.043127	1.19123	0.22137178462846738	35.589998	3.6130617632701605	3.685503903107379	0.9803440338847179	-0.019655966115282086	3.666722	4.0	0.05	60.97	60.97	3.594649036613841	53.69	60.175435879881235	52.85672657362005
2011-10-08 23:30:00	Dataset 1	2011-10-08 23:30:00	4.348673000000001	0.061364	1.191797	0.29516133924745086	95.27	4.18680737232369	4.2737358996286305	0.9796598270584539	-0.02034017294154611	4.348673000000001	4.0	0.06999999999999999	129.15	129.15	4.260220239113768	119.34	128.21314346282333	118.50184443200568
2011-10-08 23:40:00	Dataset 1	2011-10-08 23:40:00	4.0521720000000006	0.034145999999999996	1.191928	0.2575716565274181	74.689999	3.9567397424871373	4.018439403940476	0.9846458649114291	-0.015354135088570864	4.0521720000000006	4.0	0.03	96.45	96.45	3.989954403709876	90.09	95.50972172090867	89.13882485696428
2011-10-08 23:50:00	Dataset 1	2011-10-08 23:50:00	3.4294339999999996	0.07964600000000001	1.1929319999999999	0.12436411378953659	16.219998999999998	3.3497162242814054	3.3613372699650244	0.9965427314338677	-0.0034572685661322655	3.4294339999999996	3.0	0.06999999999999999	39.13	39.13	3.4175775256321743	38.22	38.107662716202874	37.195236421809234
2011-10-09 00:00:00	Dataset 1	2011-10-09 00:00:00	3.3208050000000005	0.059524	1.193282	0.2346729128257922	-6.36	3.305880896712464	3.3110551719642767	0.9984372730193006	-0.0015627269806993693	3.3208050000000005	3.0	0.05	29.12	29.12	3.315615488428859	29.12	26.804156364846975	26.81381336816257
2011-10-09 00:10:00	Dataset 1	2011-10-09 00:10:00	3.2911550000000003	0.087087	1.193894	0.2954231332933542	-7.13	3.247295533684357	3.2569506783389124	0.9970355262918873	-0.0029644737081127026	3.2911550000000003	3.0	0.09	26.39	26.39	3.2813984575331765	25.48	25.40328799754542	24.481422341308505
2011-10-09 00:20:00	Dataset 1	2011-10-09 00:20:00	2.64036	0.126437	1.194682	0.255028153947867	-7.91	2.5068478481297762	2.5083790826091197	0.9993895522052629	-0.0006104477947370679	2.64036	3.0	0.13	0.0	0.0	2.638748198060688	0.0	0.0	0.0
2011-10-09 00:30:00	Dataset 1	2011-10-09 00:30:00	2.164453	0.059361000000000004	1.194113	0.4152650110388619	-7.13	2.0383814193178376	2.093876119398094	0.9734966650767244	-0.026503334923275612	2.164453	2.0	0.05	0.0	0.0	2.107087777215311	0.0	0.0	0.0
2011-10-09 00:40:00	Dataset 1	2011-10-09 00:40:00	2.164568	0.101382	1.1934559999999999	0.4152650110388619	-6.36	1.9989248443699894	2.0838743286198733	0.9592348333662976	-0.04076516663370244	2.164568	2.0	0.11	0.0	0.0	2.07632902479002	0.0	0.0	0.0
2011-10-09 00:50:00	Dataset 1	2011-10-09 00:50:00	2.066906	0.059113	1.192888	0.34493734129393466	-5.59	2.03950707233561	2.075684078923917	0.982571043948527	-0.017428956051472988	2.066906	2.0	0.05	0.0	0.0	2.030881986163474	0.0	0.0	0.0
2011-10-09 01:00:00	Dataset 1	2011-10-09 01:00:00	1.7317240000000003	0.116959	1.190999	-0.05946965351118259	-6.36	1.855479122118597	1.7256746744824134	1.0752195356144496	0.0752195356144496	1.7317240000000003	2.0	0.11	0.0	0.0	1.8619834750923974	0.0	0.0	0.0
2011-10-09 01:10:00	Dataset 1	2011-10-09 01:10:00	2.015997	0.06565700000000001	1.192146	-0.09383769554218022	-6.36	2.1148642638457433	2.0812765791416172	1.0161380207900954	0.01613802079009541	2.015997	2.0	0.06999999999999999	0.0	0.0	2.04853120149877	0.0	0.0	0.0
2011-10-09 01:20:00	Dataset 1	2011-10-09 01:20:00	2.5162299999999997	0.11111099999999999	1.192495	0.1986124243221411	-5.59	2.3941275069279073	2.4383744453885403	0.9818539197110137	-0.018146080288986344	2.5162299999999997	3.0	0.11	0.0	0.0	2.470570288394444	0.0	0.0	0.0
2011-10-09 01:30:00	Dataset 1	2011-10-09 01:30:00	2.952281	0.061433	1.1914049999999998	0.30653842659184527	-6.36	2.9338799119068275	2.9742797356507054	0.9864169387769307	-0.013583061223069293	2.952281	3.0	0.06999999999999999	0.0	0.0	2.912179986429296	0.0	0.0	0.0
2011-10-09 01:40:00	Dataset 1	2011-10-09 01:40:00	3.012738	0.043477999999999996	1.19126	0.18975039400099306	-5.59	3.1141973219452495	3.12428061898657	0.9967726019935458	-0.0032273980064542185	3.012738	3.0	0.05	0.91	0.91	3.0030146953848313	0.0	0.0	0.0
2011-10-09 01:50:00	Dataset 1	2011-10-09 01:50:00	2.984321	0.04	1.192277	0.47906116471165167	-5.59	2.941221790025801	3.0339908070966155	0.9694234350170658	-0.03057656498293415	2.984321	3.0	0.05	0.0	0.0	2.893070715013565	0.0	0.0	0.0
2011-10-09 02:00:00	Dataset 1	2011-10-09 02:00:00	3.014164	0.026402999999999996	1.1921329999999999	0.23878098020610122	-5.59	3.0033662155455034	2.9913289908911205	1.0040240390445307	0.004024039044530747	3.014164	3.0	0.03	0.91	0.91	3.026293113622619	2.73	0.0	0.0
2011-10-09 02:10:00	Dataset 1	2011-10-09 02:10:00	3.113642	0.028754000000000002	1.192526	0.36056398187101335	-6.36	3.2127592778718146	3.211334145591819	1.0004437819969472	0.0004437819969471679	3.113642	3.0	0.03	10.01	10.01	3.1150237782645385	10.92	3.6018028295943765	4.525012024286191
2011-11-08 08:20:00	Dataset 1	2011-11-08 08:20:00	9.866361999999999	0.153144	1.178117	0.27571206548863203	1371.229965	9.456320168772544	9.390135700242974	1.0070482973454642	0.007048297345464194	9.866361999999999	10.0	0.15000000000000002	1587.47	1587.47	9.935903053093988	1614.14	1531.7283876933056	1553.8247432306218
2011-11-08 08:30:00	Dataset 1	2011-11-08 08:30:00	8.057006	0.15192999999999998	1.179203	0.185066385036788	950.9200210000001	7.991053714066476	7.887784548403998	1.013092290367309	0.013092290367308967	8.057006	8.0	0.15000000000000002	911.02	911.02	8.16249066204315	947.72	941.3880174204381	977.4063214057917
2011-11-08 08:40:00	Dataset 1	2011-11-08 08:40:00	10.426724	0.137236	1.178597	0.15579391565950557	1650.320007	9.760546188156376	9.628167825704475	1.0137490709393835	0.01374907093938349	10.426724	10.0	0.13	1751.81	1751.81	10.570081767941373	1789.19	1689.8289616708653	1723.3206990601323
2011-11-08 08:50:00	Dataset 1	2011-11-08 08:50:00	10.666878	0.19137	1.178766	0.12042788226320765	1673.52002	10.718848964929531	10.662821881336027	1.0052544330400541	0.0052544330400541295	10.666878	11.0	0.19	1815.89	1815.89	10.722926396197426	1829.24	1659.6211368156721	1670.8600328321497
2011-11-08 09:00:00	Dataset 1	2011-11-08 09:00:00	9.746285	0.160164	1.179119	0.22816656711809022	1340.069992	9.853057069998377	9.818367235349056	1.0035331571755053	0.003533157175505286	9.746285	10.0	0.17	1541.75	1541.75	9.78072015678227	1553.18	1487.7478752051672	1496.510536938065
2011-11-08 09:10:00	Dataset 1	2011-11-08 09:10:00	9.396059	0.15016	1.1793879999999999	0.19852003269108318	1132.690002	9.540974415132695	9.530840190686016	1.0010633086111949	0.0010633086111948575	9.396059	9.0	0.15000000000000002	1408.4	1408.4	9.406049910445994	1412.21	1387.8991132579633	1391.0589485996877
2011-11-08 09:20:00	Dataset 1	2011-11-08 09:20:00	8.685601	0.153226	1.1792200000000002	0.14033882617239368	938.1399769999999	8.294521821364393	8.262506838664565	1.0038747299487867	0.0038747299487866815	8.685601	9.0	0.15000000000000002	1142.23	1142.23	8.71925535831791	1153.24	1160.7888859474824	1170.4895588534343
2011-11-08 09:30:00	Dataset 1	2011-11-08 09:30:00	9.235955	0.152763	1.179362	0.16067571847765919	1277.829941	9.027905576609925	8.971257971035483	1.0063143436246438	0.006314343624643781	9.235955	9.0	0.15000000000000002	1347.44	1347.44	9.294273993571748	1366.49	1336.5777699538285	1351.7855976933586
2011-11-08 09:40:00	Dataset 1	2011-11-08 09:40:00	10.396705	0.129933	1.178756	0.17641496422733433	1633.020065	10.360978781101371	10.422563517637654	0.994091210244767	-0.005908789755233013	10.396705	10.0	0.13	1743.8	1743.8	10.335273056007821	1727.78	1694.5256027104485	1680.0880753106405
2011-11-08 09:50:00	Dataset 1	2011-11-08 09:50:00	9.085859	0.140969	1.179025	0.15980557115005137	1137.02005	8.610075721952711	8.541252067342706	1.0080577945794564	0.008057794579456434	9.085859	9.0	0.15000000000000002	1290.29	1290.29	9.159070985399905	1316.96	1290.656956625231	1313.8812584259308
